Mean Entropy,Frame Type
0.49491116552519226,Switch
0.4840135674085791,Switch
0.48358670810691995,Switch
0.48072430699425045,Switch
0.4827204332922243,Switch
0.4869983137544214,Switch
0.49834658646617386,Switch
0.4915355681863515,Switch
0.49132968782789965,Switch
0.4530892791116206,Switch
0.46675749347343826,Switch
0.5007993541539498,Switch
0.5071897393526308,Switch
0.498267876661796,Switch
0.5008500978511691,Switch
0.501326611261457,Switch
0.4952401693943816,Switch
0.49285858816119127,Switch
0.49601906958114556,Switch
0.4992921418221282,Switch
0.4936041780681856,Switch
0.491282939288846,Switch
0.49029022031247005,Switch
0.5001764207911542,Switch
0.5038902056744479,Switch
0.5024518968496887,Switch
0.4999195891947992,Switch
0.4977396337360403,Switch
0.5087300025383672,Switch
0.5020890119638489,Switch
0.48364160261781763,Switch
0.4840100392169524,Switch
0.47736500159909767,Switch
0.48381017753833433,Switch
0.488629946726255,Switch
0.4774798753676492,Switch
0.47507536088888536,Switch
0.4715296320743986,Switch
0.4696091543557147,Switch
0.4717596390373565,Switch
0.4710132189676265,Switch
0.4880570306682849,Switch
0.49444819414453045,Switch
0.4979095057858315,Switch
0.4942674780940043,Switch
0.5024060303585417,Switch
0.5087882177002077,Switch
0.5066052010163609,Switch
0.4991318685289685,Switch
0.5015150063172882,Switch
0.49573411622211894,Switch
0.4818031553544545,Switch
0.0030902722712063775,Switch
0.07419953672052004,Switch
0.1257768535249651,Switch
0.024045965221904456,Switch
0.029088279636631412,Switch
0.030350396149209258,Switch
0.10267096653065332,Switch
0.130243816521509,Switch
0.15437467561160761,Switch
0.17083205516725533,Switch
0.2562325820560525,Switch
0.2636266340021862,Switch
0.19862840701775725,Switch
0.20223628129578633,Switch
0.3400914448594967,Switch
0.33775298020339145,Switch
0.3304629839676597,Switch
0.3400178457444604,Switch
0.34392150441095837,Switch
0.34641899711611984,Switch
0.3457755691107868,Switch
0.33844876034624416,Switch
0.33993096402565304,Switch
0.33421041638433446,Switch
0.3282610551389905,Switch
0.3353566895242281,Switch
0.3203652217043013,Switch
0.3205653428087743,Switch
0.3115492047622674,Switch
0.32068042411800973,Switch
0.32801309590687316,Switch
0.32041811863611624,Switch
0.31745529377501336,Switch
0.3105472502254569,Switch
0.3131022057574796,Switch
0.30333842833972463,Switch
0.28196204920665546,Switch
0.2591874684859953,Switch
0.2549907364312122,Switch
0.23833497392431935,Switch
0.24932918222929878,Switch
0.2492166432934414,Switch
0.2594502409344276,Switch
0.26418089734118877,Switch
0.270846273946068,Switch
0.274899751043773,Switch
0.2608672768390846,Switch
0.27498842280097924,Switch
0.26972570990839534,Switch
0.2760044901042965,Switch
0.28457358551763273,Switch
0.24578467271633003,Switch
0.21115508276153325,Switch
0.20330987628242858,Switch
0.18545973011085015,Switch
0.1738232871594702,Switch
0.19198932322327256,Switch
0.19660693481375927,Switch
0.26444724986641877,Switch
0.24737544611601628,Switch
0.24768556378296858,Switch
0.24546739489578234,Switch
0.2206722240190309,Switch
0.22991097539163097,Switch
0.23947966456649805,Switch
0.2039792339019593,Switch
0.20547020617526396,Switch
0.2662143290770978,Switch
0.26828101920760555,Switch
0.2658580595505581,Switch
0.2839122311857258,Switch
0.3061372441753572,Switch
0.28290264952878114,Switch
0.282532604489346,Switch
0.3158423913499038,Switch
0.3404200595899037,Switch
0.3469145523841576,Switch
0.36355353003823815,Switch
0.3819959324652698,Switch
0.4183951699467092,Switch
0.3914444036989744,Switch
0.3980641213533904,Switch
0.3993080683276554,Switch
0.39288006638001344,Switch
0.3912985025981763,Switch
0.40311651770540363,Switch
0.4126129567796799,Switch
0.4165623003392265,Switch
0.4442567626852148,Switch
0.4518083898956173,Switch
0.47693995827842284,Switch
0.4740194976594258,Switch
0.4829784063623409,Switch
0.49119608351262406,Switch
0.49556631957916697,Switch
0.49089006477417924,Switch
0.4762727149796096,Switch
0.45895437883929174,Switch
0.46125709461259123,Switch
0.44125250751508377,Switch
0.4351855225871263,Switch
0.437693132900629,Switch
0.4126402743222013,Switch
0.4077456607751408,Switch
0.39939645471642127,Switch
0.39604340148437167,Switch
0.410489815583145,Switch
0.3962391382918968,Switch
0.40016741647202514,Switch
0.4003682120837209,Switch
0.3888859978030814,Switch
0.39003247848365896,Switch
0.3862631764674158,Switch
0.3896868454171703,Switch
0.3857844060521904,Switch
0.38319964248943916,Switch
0.38803876484613575,Switch
0.3959987283521572,Switch
0.3944698020762801,Switch
0.3888581095236792,Switch
0.42751878812490285,Switch
0.42697915640411693,Switch
0.42357068980945983,Switch
0.43141318528838074,Switch
0.42044621669816623,Switch
0.41112696548278943,Switch
0.4127811685039997,Switch
0.41963164545635295,Switch
0.4163931806244145,Switch
0.429900888209803,Switch
0.42184823184582426,Switch
0.427796944526531,Switch
0.426911394370816,Switch
0.43126310743131874,Switch
0.4350587930570056,Switch
0.429043537644516,Switch
0.42974686707974646,Switch
0.4266066987042311,Switch
0.425231923271338,Switch
0.4281833333948251,Switch
0.4181646960172124,Switch
0.41187512370574725,Switch
0.4073484279061117,Switch
0.394284805499148,Switch
0.372661816148407,Switch
0.3550488241220891,Switch
0.36098142645720627,Switch
0.35658516997741646,Switch
0.35367877023975525,Switch
0.3774061183551361,Switch
0.3795827531629522,Switch
0.3796705947574227,Switch
0.3809986216512621,Switch
0.3923993243282907,Switch
0.4042550340122356,Switch
0.41026904418062166,Switch
0.4389102033563259,Switch
0.4284099418790838,Switch
0.4307590689378256,Switch
0.4186779700711401,Switch
0.39980530986375007,Switch
0.39342208481866453,Switch
0.4146133895468452,Switch
0.4205007480128671,Switch
0.41323757641053244,Switch
0.41427027291114904,Switch
0.4012701060682949,Switch
0.4055609578232372,Switch
0.3951667496354799,Switch
0.3955697936436588,Switch
0.38792103739318023,Switch
0.3946758640328304,Switch
0.3961166374032111,Switch
0.40006089621600155,Switch
0.3741825445672691,Switch
0.3719660360055543,Switch
0.38420406157187126,Switch
0.38574572565722415,Switch
0.383795180481957,Switch
0.37408684236939505,Switch
0.3819702233630488,Switch
0.3832896892036764,Switch
0.3603159213116209,Switch
0.3795694965017666,Switch
0.38482442661870336,Switch
0.3934670433193194,Switch
0.40539129331412993,Switch
0.3794847939601404,Switch
0.3843558775821611,Switch
0.3787440812592183,Switch
0.3953911789425574,Switch
0.3951090533253492,Switch
0.3985880059247837,Switch
0.3870161859538604,Switch
0.37177891213641195,Switch
0.3832088521072883,Switch
0.4231751172659021,Switch
0.4073749931136539,Switch
0.41806829336953005,Switch
0.42176578630913575,Switch
0.4151046383456915,Switch
0.4192737934320983,Switch
0.4384740566090612,Switch
0.4323027046596758,Switch
0.4098329752611134,Switch
0.4171727812609867,Switch
0.41885928280113255,Switch
0.4196860730007118,Switch
0.39874254590655006,Switch
0.3837269255395317,Switch
0.36858099556559504,Switch
0.36506572334647397,Switch
0.35987715436322165,Switch
0.3670929807470363,Switch
0.3775980156600086,Switch
0.36423413376857894,Switch
0.3817427587734689,Switch
0.4226775644187816,Switch
0.43295290367982187,Switch
0.41811675411922616,Switch
0.42082881794897875,Switch
0.41823788005088086,Switch
0.42893286657481394,Switch
0.4589383463214587,Switch
0.45652822824422895,Switch
0.4485905234765582,Switch
0.4326099426996387,Switch
0.43001781144260826,Switch
0.4419274817043732,Switch
0.4520665705064178,Switch
0.4541932917797504,Switch
0.4471295408320805,Switch
0.4669363416578091,Switch
0.4531157924339918,Switch
0.4574201862185601,Switch
0.4579390379283682,Switch
0.4509216723235552,Switch
0.45808094387100073,Switch
0.453639988316411,Switch
0.49424013460889743,Switch
0.4897425204475966,Switch
0.4846982960100129,Switch
0.47379338208429145,Switch
0.46073201668226543,Switch
0.4601762746158899,Switch
0.4635554520315283,Switch
0.4675047955910749,Switch
0.4836886105827263,Switch
0.48130277476551553,Switch
0.4782737703688266,Switch
0.45794759898158005,Switch
0.4655485171044143,Switch
0.46565073089124653,Switch
0.4762574088541703,Switch
0.47657536118194066,Switch
0.48368975205648784,Switch
0.4792592254212652,Switch
0.4708831947291486,Switch
0.4815513566196846,Switch
0.4809758981883364,Switch
0.4791886097035603,Switch
0.47297141720561336,Switch
0.4678852176647062,Switch
0.46653163732415875,Switch
0.4693517001373079,Switch
0.4594394014176204,Switch
0.5142031616844492,Switch
0.5156244002879556,Switch
0.5056629144261784,Switch
0.5114738460353455,Switch
0.516067032681593,Switch
0.5204061376455474,Switch
0.5106882526615251,Switch
0.5070597669993239,Switch
0.5116257139308064,Switch
0.509114627310848,Switch
0.5063038000581334,Switch
0.507662465145437,Switch
0.5007523461890413,Switch
0.507356913373531,Switch
0.5041680507650501,Switch
0.5030954805105348,Switch
0.21410515684186757,Non-Switch
0.002789644928985215,Non-Switch
0.0015502509798120065,Non-Switch
0.4894974667850542,Non-Switch
0.490395858520587,Non-Switch
0.0015784493541813837,Non-Switch
0.48415775629873475,Non-Switch
0.46182653436410565,Non-Switch
0.4562442607034509,Non-Switch
0.4699226445587808,Non-Switch
0.4798480702267265,Non-Switch
0.5056147131023372,Non-Switch
0.0015791457504606417,Non-Switch
0.4996167873369552,Non-Switch
0.0015391783600423822,Non-Switch
0.4971585717062262,Non-Switch
0.0015046529336218584,Non-Switch
0.4726518045523716,Non-Switch
0.00149350197940464,Non-Switch
0.0015003432216072646,Non-Switch
0.0015471087854827055,Non-Switch
0.001613410230952893,Non-Switch
0.0016286472437230747,Non-Switch
0.0027463682375053356,Non-Switch
0.001601088820241869,Non-Switch
0.0016098481923591905,Non-Switch
0.0016229406856209819,Non-Switch
0.0016384393536870085,Non-Switch
0.00161760076921539,Non-Switch
0.0016498476056564146,Non-Switch
0.0017366305196948291,Non-Switch
0.0017086984621796268,Non-Switch
0.0016106765310068413,Non-Switch
0.0016247189687857695,Non-Switch
0.002114992589897055,Non-Switch
0.001585192804997296,Non-Switch
0.0020447611467397445,Non-Switch
0.0041509300147468745,Non-Switch
0.002120889663861343,Non-Switch
0.0025210840411653388,Non-Switch
0.0024966836207764675,Non-Switch
0.003602519566242711,Non-Switch
0.003221262262964466,Non-Switch
0.0028409946287873905,Non-Switch
0.0022570890483917744,Non-Switch
0.0017129364267312237,Non-Switch
0.0018918182553926452,Non-Switch
0.0018770660446888153,Non-Switch
0.0018965061616613413,Non-Switch
0.0022596148023010043,Non-Switch
0.002032077046522978,Non-Switch
0.0021551900180850924,Non-Switch
0.001998048684093979,Non-Switch
0.002396321283307194,Non-Switch
0.0021278957833553457,Non-Switch
0.0024766829007456096,Non-Switch
0.0016151078488909213,Non-Switch
0.0028307398084900614,Non-Switch
0.0025855116415249672,Non-Switch
0.0029332310593811416,Non-Switch
0.007086736078414388,Non-Switch
0.016252690934716808,Non-Switch
0.01233923813149042,Non-Switch
0.009464190008394336,Non-Switch
0.007702549012198713,Non-Switch
0.0075804534764113,Non-Switch
0.006540116479014859,Non-Switch
0.001541840312525437,Non-Switch
0.005267892086565316,Non-Switch
0.003817092717598356,Non-Switch
0.0031444764661182944,Non-Switch
0.0031542481057608646,Non-Switch
0.0026538334671784448,Non-Switch
0.002660000303496543,Non-Switch
0.0023655983710872816,Non-Switch
0.0023273610268389135,Non-Switch
0.002048293797248321,Non-Switch
0.0018844536012601067,Non-Switch
0.0015337783500696193,Non-Switch
0.0018438747359947804,Non-Switch
0.001765578594249589,Non-Switch
0.0018380834591369454,Non-Switch
0.06089742412514305,Non-Switch
0.04342608185842598,Non-Switch
0.02986484174787806,Non-Switch
0.015957045987644945,Non-Switch
0.01048202140752495,Non-Switch
0.0056105433771342006,Non-Switch
0.0059296436643125755,Non-Switch
0.0015197493902745591,Non-Switch
0.0065715244376328774,Non-Switch
0.006879014607098498,Non-Switch
0.010779243177371152,Non-Switch
0.015229390514282494,Non-Switch
0.03414918191386225,Non-Switch
0.04127508805354396,Non-Switch
0.060315103879932636,Non-Switch
0.07225767582574576,Non-Switch
0.0675554070931575,Non-Switch
0.052311618443927815,Non-Switch
0.001484273816660449,Non-Switch
0.04112729962965149,Non-Switch
0.021994574731189664,Non-Switch
0.01756945550363019,Non-Switch
0.011886963203108634,Non-Switch
0.0226623206675968,Non-Switch
0.03172359232721065,Non-Switch
0.003327603555683482,Non-Switch
0.008926221045197164,Non-Switch
0.03282458916977714,Non-Switch
0.04099409418162781,Non-Switch
0.001490656402058661,Non-Switch
0.03194781085078105,Non-Switch
0.013115005751056423,Non-Switch
0.006020559860516604,Non-Switch
0.003705313818425261,Non-Switch
0.003201131830006156,Non-Switch
0.0030361919116048876,Non-Switch
0.0025102098416394263,Non-Switch
0.0022380818483146193,Non-Switch
0.0022682086890976,Non-Switch
0.0023631656456682085,Non-Switch
0.15246104673549327,Non-Switch
0.001566073930196663,Non-Switch
0.0024757736941947504,Non-Switch
0.0024654288855540016,Non-Switch
0.00237488277654611,Non-Switch
0.0023393904821249457,Non-Switch
0.0021584778354431034,Non-Switch
0.0022143731626466756,Non-Switch
0.002362733944831532,Non-Switch
0.0023110072668339494,Non-Switch
0.0023332903263586155,Non-Switch
0.002257076279775478,Non-Switch
0.0015626986579508468,Non-Switch
0.002284567921366691,Non-Switch
0.002247012583369692,Non-Switch
0.0021485896568422752,Non-Switch
0.002095346756328648,Non-Switch
0.0020876535636720475,Non-Switch
0.002088766460054296,Non-Switch
0.0021111800432122105,Non-Switch
0.002126157832803938,Non-Switch
0.0022412010388669426,Non-Switch
0.002389117959628174,Non-Switch
0.0016831400498985723,Non-Switch
0.002332795390469806,Non-Switch
0.013180870732793379,Non-Switch
0.015195759195017368,Non-Switch
0.011107232042903176,Non-Switch
0.00903196302365606,Non-Switch
0.006147333168750256,Non-Switch
0.0042272000000299756,Non-Switch
0.0038219824896103993,Non-Switch
0.004533975126983017,Non-Switch
0.008087562112756042,Non-Switch
0.0017335299753758271,Non-Switch
0.0036667384098597214,Non-Switch
0.003586433541827066,Non-Switch
0.003601631843395461,Non-Switch
0.003717650328531746,Non-Switch
0.004042512301806381,Non-Switch
0.004200070135900485,Non-Switch
0.004727436688690047,Non-Switch
0.005977408423082295,Non-Switch
0.005626378488105806,Non-Switch
0.001870138766333529,Non-Switch
0.0060187617150598,Non-Switch
0.004777837457357331,Non-Switch
0.004781154865476917,Non-Switch
0.004888475288121747,Non-Switch
0.004891184666893901,Non-Switch
0.005380780436621025,Non-Switch
0.0051902495763686135,Non-Switch
0.005297662824827151,Non-Switch
0.00603232320162491,Non-Switch
0.00462557920705544,Non-Switch
0.0018805253263228015,Non-Switch
0.0044487431944716755,Non-Switch
0.004004078766755241,Non-Switch
0.0037462524343878176,Non-Switch
0.004279865880692891,Non-Switch
0.003953731099317633,Non-Switch
0.0038655068517111325,Non-Switch
0.003634619056905208,Non-Switch
0.00350268925445244,Non-Switch
0.00349518536159934,Non-Switch
0.0034763263180065088,Non-Switch
0.0020828095965375105,Non-Switch
0.003795091378338,Non-Switch
0.003728123836717701,Non-Switch
0.004329974389920509,Non-Switch
0.00435223272291838,Non-Switch
0.0045010912784623335,Non-Switch
0.0043470766340521615,Non-Switch
0.00460844088651584,Non-Switch
0.004320559258151983,Non-Switch
0.0055682930391927855,Non-Switch
0.00539523532097396,Non-Switch
0.0021751870899398658,Non-Switch
0.004218929179493315,Non-Switch
0.005995128830383836,Non-Switch
0.00717420961245326,Non-Switch
0.00622849049392801,Non-Switch
0.006899773539725603,Non-Switch
0.007049917874662925,Non-Switch
0.006815125315387797,Non-Switch
0.007887691516374187,Non-Switch
0.014651517801072093,Non-Switch
0.018172954627070335,Non-Switch
0.0022062476611240515,Non-Switch
0.013088181117659341,Non-Switch
0.015404120313206756,Non-Switch
0.044266229246709615,Non-Switch
0.07713382473758347,Non-Switch
0.07909735417688862,Non-Switch
0.059613421798880864,Non-Switch
0.05132039765186399,Non-Switch
0.09656104013806284,Non-Switch
0.09549060366120406,Non-Switch
0.07785696782248219,Non-Switch
0.002228351149314776,Non-Switch
0.06844019194260055,Non-Switch
0.09099215285152117,Non-Switch
0.12648590330029613,Non-Switch
0.12857665517884626,Non-Switch
0.16244961665652258,Non-Switch
0.1740294918002407,Non-Switch
0.13777561062530405,Non-Switch
0.14178878591644978,Non-Switch
0.15024658763803214,Non-Switch
0.1548858483161106,Non-Switch
0.08781742246648627,Non-Switch
0.002198828892379592,Non-Switch
0.16366497490157716,Non-Switch
0.14663282439309674,Non-Switch
0.14091727069948504,Non-Switch
0.12218432428625357,Non-Switch
0.10923036118815783,Non-Switch
0.09893329501176935,Non-Switch
0.07543016217713572,Non-Switch
0.0587338903229996,Non-Switch
0.06559028218484467,Non-Switch
0.0906442433231557,Non-Switch
0.00220057636872411,Non-Switch
0.0715166712707369,Non-Switch
0.06098224989405031,Non-Switch
0.057212604138549415,Non-Switch
0.04240694035872811,Non-Switch
0.03909924125176214,Non-Switch
0.04897644613892751,Non-Switch
0.046877924456023026,Non-Switch
0.041974568257652244,Non-Switch
0.033206454299726365,Non-Switch
0.03203090495210682,Non-Switch
0.002342698161774972,Non-Switch
0.031624796476016806,Non-Switch
0.02952603806701972,Non-Switch
0.022554367083724845,Non-Switch
0.031126757205418354,Non-Switch
0.05001656870464076,Non-Switch
0.05904617419584038,Non-Switch
0.07615148279540374,Non-Switch
0.07577193628403271,Non-Switch
0.08566247566014015,Non-Switch
0.08020243697666986,Non-Switch
0.0030512177355150618,Non-Switch
0.07644533446125357,Non-Switch
0.07170471610166411,Non-Switch
0.08250792212097043,Non-Switch
0.09946501424398073,Non-Switch
0.11086980287822408,Non-Switch
0.1193718626506531,Non-Switch
0.11831088873185194,Non-Switch
0.10607150766544307,Non-Switch
0.004473030318725476,Non-Switch
0.09881096923553571,Non-Switch
0.09579673265563722,Non-Switch
0.09219178340412218,Non-Switch
0.08659810797714441,Non-Switch
0.09774142129222997,Non-Switch
0.09444768578190421,Non-Switch
0.0849909712916601,Non-Switch
0.07908594592491923,Non-Switch
0.07582892565870876,Non-Switch
0.08227604729185718,Non-Switch
0.00699568976393001,Non-Switch
0.07455444426132156,Non-Switch
0.07378315173775264,Non-Switch
0.06746307094575076,Non-Switch
0.0664207951454418,Non-Switch
0.05782576363226155,Non-Switch
0.04810962977275974,Non-Switch
0.03943714991342106,Non-Switch
0.03136708283175511,Non-Switch
0.03573084622321818,Non-Switch
0.023767813684511092,Non-Switch
0.00944442337966224,Non-Switch
0.028223318165326205,Non-Switch
0.02839977314618558,Non-Switch
0.027345745354649474,Non-Switch
0.03740646809157398,Non-Switch
0.03082988647118207,Non-Switch
0.026050234248899105,Non-Switch
0.025484107041269487,Non-Switch
0.03635485944613486,Non-Switch
0.02339318167167891,Non-Switch
0.0109403644687941,Non-Switch
0.01924255607695865,Non-Switch
0.018298584840130815,Non-Switch
0.018175542399973002,Non-Switch
0.02363156322551548,Non-Switch
0.023681870763016154,Non-Switch
0.027231572035906194,Non-Switch
0.023353922432773958,Non-Switch
0.02164012280704583,Non-Switch
0.01935977602808546,Non-Switch
0.01315860713020783,Non-Switch
0.0072393717122645855,Non-Switch
0.0119009851705662,Non-Switch
0.023761728526802,Non-Switch
0.030747888444093267,Non-Switch
0.08603033503674774,Non-Switch
0.09293080983698739,Non-Switch
0.06408031993896104,Non-Switch
0.04334220299388913,Non-Switch
0.02543013673497988,Non-Switch
0.023684148846304532,Non-Switch
0.019271436660255846,Non-Switch
0.004126280505002006,Non-Switch
0.02485217160130867,Non-Switch
0.04262978392526751,Non-Switch
0.055638245909832226,Non-Switch
0.049646452323095495,Non-Switch
0.03133908753918777,Non-Switch
0.03942265773660148,Non-Switch
0.029371793182163323,Non-Switch
0.03137145740023343,Non-Switch
0.04908408841177358,Non-Switch
0.0032809952687325766,Non-Switch
0.03812296987458715,Non-Switch
0.024862850218061158,Non-Switch
0.02007804514973516,Non-Switch
0.036270841140200995,Non-Switch
0.04176699190267394,Non-Switch
0.029143819469343187,Non-Switch
0.036472437729223754,Non-Switch
0.02626335421011439,Non-Switch
0.08030930097195121,Non-Switch
0.08382156385115541,Non-Switch
0.0024653109278606,Non-Switch
0.08014127084572985,Non-Switch
0.06242466413296329,Non-Switch
0.06425588638626738,Non-Switch
0.06764982513304982,Non-Switch
0.06102547024147732,Non-Switch
0.13919910623374815,Non-Switch
0.002193275760349501,Non-Switch
0.1922987274691239,Non-Switch
0.20777323325958932,Non-Switch
0.19872709261296273,Non-Switch
0.22899486487020823,Non-Switch
0.2663497753159432,Non-Switch
0.25233426756216554,Non-Switch
0.23817882550225258,Non-Switch
0.20861115282834394,Non-Switch
0.0019716395374176437,Non-Switch
0.17117183818071594,Non-Switch
0.1475587282405421,Non-Switch
0.15414212627527163,Non-Switch
0.1720474393548954,Non-Switch
0.17691154442141918,Non-Switch
0.16544629659169044,Non-Switch
0.18866116190200102,Non-Switch
0.18746664852438802,Non-Switch
0.002309555495428732,Non-Switch
0.23801798147221206,Non-Switch
0.22717683442162603,Non-Switch
0.260390244577087,Non-Switch
0.26815013886380645,Non-Switch
0.2632241347883026,Non-Switch
0.2790694768670606,Non-Switch
0.3069409195312645,Non-Switch
0.3016424318132893,Non-Switch
0.3046088886363609,Non-Switch
0.3180087788364512,Non-Switch
0.0034314651020472234,Non-Switch
0.3296313684471793,Non-Switch
0.347258110043807,Non-Switch
0.0030921405427145852,Non-Switch
0.33818764822328323,Non-Switch
0.3155480727175151,Non-Switch
0.3073364401896512,Non-Switch
0.002740748222247027,Non-Switch
0.31319349771582033,Non-Switch
0.31664458797843814,Non-Switch
0.3250727113822195,Non-Switch
0.3150873323992055,Non-Switch
0.003060174615832074,Non-Switch
0.27592541710372176,Non-Switch
0.2545437456832125,Non-Switch
0.24469754867135454,Non-Switch
0.0025266594676048356,Non-Switch
0.28017538334393116,Non-Switch
0.025792559518515643,Non-Switch
0.002577001257425419,Non-Switch
0.2766737309821925,Non-Switch
0.2724197955264031,Non-Switch
0.26627534603817127,Non-Switch
0.24211901132912106,Non-Switch
0.22321511624880053,Non-Switch
0.19167711717818825,Non-Switch
0.002820060381031776,Non-Switch
0.17180907887940952,Non-Switch
0.23385922936258693,Non-Switch
0.26147243953081933,Non-Switch
0.26327749868665634,Non-Switch
0.26286646436214633,Non-Switch
0.002964189886987857,Non-Switch
0.2478593791057543,Non-Switch
0.22279396431594928,Non-Switch
0.22046828935449078,Non-Switch
0.20305628750925986,Non-Switch
0.20353696470451885,Non-Switch
0.220525907836865,Non-Switch
0.002960460032294264,Non-Switch
0.23039446735741567,Non-Switch
0.24097818613218042,Non-Switch
0.23170778480528204,Non-Switch
0.2173771913794306,Non-Switch
0.2590932709580796,Non-Switch
0.24292670778577938,Non-Switch
0.25412848271726757,Non-Switch
0.003577216222272904,Non-Switch
0.27909453740464435,Non-Switch
0.2750230042674379,Non-Switch
0.2720383616919376,Non-Switch
0.25512205779896463,Non-Switch
0.24836017477606112,Non-Switch
0.24312130311954291,Non-Switch
0.2486571136095843,Non-Switch
0.25742272410801037,Non-Switch
0.24276640855003415,Non-Switch
0.2452668587099415,Non-Switch
0.003244021409468171,Non-Switch
0.23273459233899232,Non-Switch
0.21907200751822611,Non-Switch
0.23078153073293256,Non-Switch
0.23339711408724634,Non-Switch
0.23600424015869023,Non-Switch
0.2400823108274402,Non-Switch
0.2533109799632939,Non-Switch
0.27323203193552226,Non-Switch
0.003277110569231837,Non-Switch
0.26453135572857867,Non-Switch
0.2668692496478031,Non-Switch
0.26130010293540656,Non-Switch
0.25182561128845515,Non-Switch
0.2906881491473796,Non-Switch
0.2870314120095793,Non-Switch
0.2834290764735525,Non-Switch
0.0036219371861293823,Non-Switch
0.27546864600099213,Non-Switch
0.2755845055877923,Non-Switch
0.26953593989553304,Non-Switch
0.2551045984389296,Non-Switch
0.26703196154399894,Non-Switch
0.27894440766241135,Non-Switch
0.28717518581836715,Non-Switch
0.27809120791080283,Non-Switch
0.27607523553492885,Non-Switch
0.27547326378120945,Non-Switch
0.0038602684762065616,Non-Switch
0.28474867202710746,Non-Switch
0.3412328407933181,Non-Switch
0.338315337629067,Non-Switch
0.35164406731715714,Non-Switch
0.3506255614108038,Non-Switch
0.3440518140178767,Non-Switch
0.004357251802504977,Non-Switch
0.3423457517682711,Non-Switch
0.3419369485061133,Non-Switch
0.3497907290097225,Non-Switch
0.34456853843567464,Non-Switch
0.34496063467277666,Non-Switch
0.3428180624797094,Non-Switch
0.34677326906357686,Non-Switch
0.34706123176252035,Non-Switch
0.3437466513847531,Non-Switch
0.012474112822749246,Non-Switch
0.0033208560513385862,Non-Switch
0.3252063935252516,Non-Switch
0.3187653683996934,Non-Switch
0.3136611387618704,Non-Switch
0.30999218266630413,Non-Switch
0.31136109507487647,Non-Switch
0.30011617762371773,Non-Switch
0.2951436066072585,Non-Switch
0.2930092582137918,Non-Switch
0.29267649266970636,Non-Switch
0.2866894368476448,Non-Switch
0.003839003663162394,Non-Switch
0.2870447724411069,Non-Switch
0.29154978023927247,Non-Switch
0.2950207944075469,Non-Switch
0.28654942471375305,Non-Switch
0.2840936476860602,Non-Switch
0.2792076989625535,Non-Switch
0.2763595403293182,Non-Switch
0.2775297065904485,Non-Switch
0.28129540258730845,Non-Switch
0.2876948936334965,Non-Switch
0.00252892153945373,Non-Switch
0.28728238058161354,Non-Switch
0.28139061187605824,Non-Switch
0.28027271992469116,Non-Switch
0.28628792345200976,Non-Switch
0.30132385686346713,Non-Switch
0.29330632676024243,Non-Switch
0.3067967046985233,Non-Switch
0.30636224421931546,Non-Switch
0.29078003778518663,Non-Switch
0.2903146537440742,Non-Switch
0.0022023761355925067,Non-Switch
0.27321599941768915,Non-Switch
0.2856223923638389,Non-Switch
0.29231677277929635,Non-Switch
0.3147592624630938,Non-Switch
0.3122412491728095,Non-Switch
0.32754503977945526,Non-Switch
0.3167563745793163,Non-Switch
0.302638471440608,Non-Switch
0.30879871996340347,Non-Switch
0.3041025153101736,Non-Switch
0.002246741604957187,Non-Switch
0.30359627169691383,Non-Switch
0.297339620526436,Non-Switch
0.2982837749827738,Non-Switch
0.2923753511373337,Non-Switch
0.2883728512201173,Non-Switch
0.2832362711781877,Non-Switch
0.2915784208536539,Non-Switch
0.2818065234066405,Non-Switch
0.27286826500177574,Non-Switch
0.2808051396067108,Non-Switch
0.0022311618663115027,Non-Switch
0.28043167014599085,Non-Switch
0.29931836529213124,Non-Switch
0.30138378423594997,Non-Switch
0.32122986213611104,Non-Switch
0.3193442253097409,Non-Switch
0.326413968994659,Non-Switch
0.3356035332251693,Non-Switch
0.37901902078024563,Non-Switch
0.002024848185611366,Non-Switch
0.38597547319432723,Non-Switch
0.38449441098867987,Non-Switch
0.38238390383127885,Non-Switch
0.3783973845467245,Non-Switch
0.3857132195976047,Non-Switch
0.38399045032294327,Non-Switch
0.39573574836304093,Non-Switch
0.38258015949051377,Non-Switch
0.37213250957664623,Non-Switch
0.36336744387251546,Non-Switch
0.0021105525569256613,Non-Switch
0.3398357028517323,Non-Switch
0.3507774552488501,Non-Switch
0.3505957793226608,Non-Switch
0.3496392761956295,Non-Switch
0.3455767970207593,Non-Switch
0.35196969865023275,Non-Switch
0.35919133617319726,Non-Switch
0.35483215164807325,Non-Switch
0.363394346333669,Non-Switch
0.37738183609511705,Non-Switch
0.0020406115491199742,Non-Switch
0.3931664725238275,Non-Switch
0.40450211119644625,Non-Switch
0.40548717711010246,Non-Switch
0.4071444672989861,Non-Switch
0.395962797871253,Non-Switch
0.3836411074667294,Non-Switch
0.3718419266765682,Non-Switch
0.36709492644094804,Non-Switch
0.36330339162893965,Non-Switch
0.0018976229088961236,Non-Switch
0.3582352481275338,Non-Switch
0.38245143238131035,Non-Switch
0.38362753949451794,Non-Switch
0.38341691164292135,Non-Switch
0.38753083496481905,Non-Switch
0.0069544215960611454,Non-Switch
0.0019086029055284891,Non-Switch
0.42968022057762156,Non-Switch
0.0019803525979663356,Non-Switch
0.46887217738710324,Non-Switch
0.43682810333003685,Non-Switch
0.0019444871762022975,Non-Switch
0.40731101869783454,Non-Switch
0.002171453587070188,Non-Switch
0.3821669719314081,Non-Switch
0.002029417323480864,Non-Switch
0.42760271238896436,Non-Switch
0.42509637326215066,Non-Switch
0.0019204341432472586,Non-Switch
0.42634898505996943,Non-Switch
0.4259394035202469,Non-Switch
0.001828666705956826,Non-Switch
0.42133750016527466,Non-Switch
0.4168329074484769,Non-Switch
0.41836946084448823,Non-Switch
0.42952132224149286,Non-Switch
0.0018332889450559998,Non-Switch
0.4183648430642709,Non-Switch
0.40428359679886056,Non-Switch
0.39110229882411235,Non-Switch
0.0018280588792858438,Non-Switch
0.396848503682481,Non-Switch
0.3964587422780731,Non-Switch
0.40810994656059707,Non-Switch
0.0017555122630499638,Non-Switch
0.42029862932931134,Non-Switch
0.42812895773563725,Non-Switch
0.43601770884448754,Non-Switch
0.3932302134563775,Non-Switch
0.40136889543384235,Non-Switch
0.002955366570450831,Non-Switch
0.0017293068062050178,Non-Switch
0.40472067747920293,Non-Switch
0.3997532430946708,Non-Switch
0.0016915099792188639,Non-Switch
0.3698985157123108,Non-Switch
0.0016350611426326795,Non-Switch
0.3710022948971712,Non-Switch
0.3816669285960805,Non-Switch
0.3916341477692512,Non-Switch
0.001588847061375359,Non-Switch
0.4064886906229596,Non-Switch
0.40713300067619934,Non-Switch
0.4047536505053612,Non-Switch
0.38041462810928756,Non-Switch
0.3736999087068056,Non-Switch
0.3708229797462615,Non-Switch
0.36973134169141064,Non-Switch
0.0015440970134484285,Non-Switch
0.3790978343549655,Non-Switch
0.39210202229857066,Non-Switch
0.3975693962480884,Non-Switch
0.3497682367881023,Non-Switch
0.001501050663753001,Non-Switch
0.34656129219753473,Non-Switch
0.3596194926041309,Non-Switch
0.3650034351987115,Non-Switch
0.39893439132625164,Non-Switch
0.4091815050542783,Non-Switch
0.3986997406404909,Non-Switch
0.0015144619670692955,Non-Switch
0.4057598855687776,Non-Switch
0.4167420046289185,Non-Switch
0.426840986193795,Non-Switch
0.41347710430236534,Non-Switch
0.41339170131093095,Non-Switch
0.0015872978025981037,Non-Switch
0.44234712896726597,Non-Switch
0.42245131913071976,Non-Switch
0.4098433263527241,Non-Switch
0.41528465394640945,Non-Switch
0.4101591513884843,Non-Switch
0.001573301372373131,Non-Switch
0.3683856478968523,Non-Switch
0.0016055144631853732,Non-Switch
0.401929618476632,Non-Switch
0.4027478476229994,Non-Switch
0.4183255919324239,Non-Switch
0.42483440503386855,Non-Switch
0.4205593004283189,Non-Switch
0.40936995199528065,Non-Switch
0.4237602003964673,Non-Switch
0.003470871889407151,Non-Switch
0.0016153851102733501,Non-Switch
0.42066823334479314,Non-Switch
0.40941452135715317,Non-Switch
0.41796833658763555,Non-Switch
0.44411086158441676,Non-Switch
0.44563555921885895,Non-Switch
0.0016003049690748055,Non-Switch
0.43289126409669665,Non-Switch
0.4381725518804917,Non-Switch
0.4320603490260244,Non-Switch
0.44047666855340767,Non-Switch
0.448061139077041,Non-Switch
0.0015967380662463236,Non-Switch
0.45225766359114017,Non-Switch
0.4702490022842501,Non-Switch
0.44839901531046805,Non-Switch
0.0016505021492489247,Non-Switch
0.4523259444761509,Non-Switch
0.4588204113278193,Non-Switch
0.46227440716001206,Non-Switch
0.47723061900625735,Non-Switch
0.46551655583909013,Non-Switch
0.0016357589576470816,Non-Switch
0.4542070932352313,Non-Switch
0.45490562329214596,Non-Switch
0.4590354753615348,Non-Switch
0.4753191174221532,Non-Switch
0.0016462981330025593,Non-Switch
0.48603854186161827,Non-Switch
0.4788957697985446,Non-Switch
0.0016156669318758846,Non-Switch
0.48412532806687175,Non-Switch
0.0015783362607227614,Non-Switch
0.46111534432547163,Non-Switch
0.4727032227568136,Non-Switch
0.4878989884374773,Non-Switch
0.49458428894801315,Non-Switch
0.5077637968843625,Non-Switch
0.5085459139517272,Non-Switch
0.5088010852226109,Non-Switch
0.5113289307527962,Non-Switch
0.0015665532599988881,Non-Switch
0.5137592321615374,Non-Switch
0.5107524865031993,Non-Switch
0.5103723757405938,Non-Switch
0.0015135220550363912,Non-Switch
0.5036560997829824,Non-Switch
0.5084741048750898,Non-Switch
